1
1027
825
1839
52
3408
2010
74
5426
1958
6636
4943
3890
11419
2
5994
3717
1831
3957
5805
512
1975
4687
2563
7083
328
3897
3794
1321
4642
8916
2280
27075
8000
3635
21794
3155
11841
3077
6535
11840
1518
7278
6719
4030
2634
19891
6783
6210
2011
4847
6892
1765
2416
10603
7226
3513
3602
1966
2586
5690
18876
3330
1376
4157
4846
4705
5176
10791
4558
2943
4066
7080
4256
2087
6953
1720
1437
5899
20947
2502
16086
6538
7334
8646
4269
4172
5964
24478
11156
5692
2694
11857
11865
9816
7501
3306
7950
12885
131
7431
7186
4041
5632
2469
7653
1659
1697
8119
8104
23149
9258
1934
2130
5665
1684
13855
873
2083
2424
9903
8536
5567
3822
1168
3783
2577
12220
3911
5864
3640
2682
5488
18069
5728
2299
3773
23121
1274
1455
1680
7455
8425
10804
17751
2099
5034
1042
13502
4279
20314
8719
5370
1896
21296
2566
12999
6836
2405
4679
9543
3945
2300
6758
17799
2777
14783
13523
7129
5647
27009
3801
4948
109
18934
8420
7878
12387
23254
5691
3029
5617
1698
11877
3964
2570
7505
4006
1214
1567
1772
6958
9444
5444
3814
7461
9040
9308
1759
6945